; character codes (1000 bytes)
 32, 32, 32, 77, 32, 32, 32, 32, 32, 32, 32,224, 32, 32, 32,233,228,228, 32,233,228,228, 32,233,228,223, 32, 32, 32, 78, 78, 78, 32, 32, 32, 32, 32, 32, 32, 32,
 32, 32, 32, 77, 77, 32, 32, 32, 32, 32, 32,224, 32, 32, 32,224,224,224, 32,224, 32, 32, 32,224, 32,224, 32, 32, 78, 78, 78, 32, 32, 32, 32, 32, 32, 32, 32, 32,
 32, 32, 32, 32, 77, 77, 32, 32, 32, 32, 32,224, 32, 32, 32,224, 32, 32, 32,224, 32,224, 32,224, 32,224, 32, 32, 78, 78, 32, 32, 32, 32,223,233, 32, 32, 32, 32,
 32, 32, 32, 32, 32, 32, 77, 77, 32, 32, 32, 95,224,224, 32, 95,224,224, 32, 95,224,224, 32, 95,224,105, 32, 32, 78, 32, 32,233,224,224,224,223, 32, 32, 32, 32,
 32, 32, 32, 32, 32, 32, 32, 77, 77, 32, 32, 32, 32, 32, 32, 32, 32, 32, 32, 32, 32, 32, 32, 32, 32, 32, 32, 78, 32, 32,233,105, 95,224,224,224,205,223, 32, 32,
 32, 32,122,224,252, 32, 96, 96, 77, 77, 96, 32, 96, 96, 96,111,121, 98,121,111,100, 32, 32, 32, 32, 32, 78, 32, 32, 32, 79, 87,224, 87, 95,205,224,205,223, 32,
 32,254,224,224, 32, 32, 32, 32,106, 32, 32, 32, 32, 32,254,160,160,160,160,160,160,252, 32, 32, 32, 32,116, 32, 32,106, 32,224,203,224,223, 95,224,205,224,223,
254,160,224,209,224, 32, 32, 32,106, 89, 32, 32, 32, 32,160,239,198,210,210,198,239,160, 32, 32, 32, 89,116, 32, 32, 89, 32, 95,202,203,105, 32, 95,224,205,224,
254,160,224,105, 34, 32, 32, 32,106, 89, 32, 32, 32, 32,234,220,160,160,160,160,234,160, 32, 32, 32, 89,116, 32, 32, 32, 32,233,237,242,253,168,223, 32, 32, 32,
251,160,160,160,160, 32, 32, 32,106, 89, 32, 32, 32, 32,234,220,236,160,160,251,234,160, 32, 32, 32, 89,116, 32, 32, 32, 32, 32, 32, 32, 32, 32, 32, 32, 32, 32,
192,192,192,192,192, 32, 32, 32,106, 32, 32, 32, 32, 32,234,220,160,160,160,160,234,160, 32, 32, 32, 89,116, 32, 32, 32, 32, 32, 32, 32, 32, 32, 32, 32, 32, 32,
229,160,160,160,160, 32, 32, 32,106, 32, 32, 32, 32, 32,234,220,160,223,233,160,250,160, 32, 32, 32, 89,116, 13,  9, 19,  3,  5, 12,  1, 14,  5, 15, 21, 19, 32,
229,252, 32,160,252, 32, 32, 32, 32, 32, 32, 32, 32, 32,160,248,248,196,196,248,248,160, 32, 32, 32, 32,116, 32, 32, 32,  6, 15, 18, 13, 19, 32, 32, 32, 32, 32,
 32, 32, 32, 32, 32, 32, 32, 32, 32, 32, 32, 32, 32, 32,207,197,196,195,195,196,197,208, 32, 32, 32, 32,116, 32, 32, 32, 32, 32, 32, 32, 32, 32, 32, 32, 32, 32,
 32, 32, 32, 32, 32, 32, 32, 32, 32, 32, 32, 32, 32, 32, 32, 32, 32, 32, 32, 32, 32, 32, 32, 32, 32, 32, 32, 32, 32, 32, 32, 32, 32, 32, 32, 32, 32, 32, 32, 32,
 32, 32, 32, 32, 32,254,254,223, 32, 32, 32, 32, 32,255, 32, 32, 32, 32, 32, 32, 32, 32, 32, 32, 32, 32, 32, 32, 32, 32, 32, 32, 32, 32, 32, 32, 32, 32, 32, 32,
 32, 32, 32, 32, 32,254,234,224,252, 32, 32,108,254, 32, 32, 32, 20,  8,  5, 18,  5, 32,  8,  1, 19, 32,  1, 12, 23,  1, 25, 19, 32,  2,  5,  5, 14, 32,  1, 32,
 32, 32, 32, 32,254,224,236,224,254,252,122,224, 79, 32, 32,  8, 21,  7,  5, 32, 22,  1, 18,  9,  5, 20, 25, 32, 15,  6, 32, 20, 15, 16,  9,  3, 19, 32, 32, 32,
 32, 99,120,224,224,236,254,224,224,224,205, 79, 32, 32, 32,  1, 22,  1,  9, 12,  1,  2, 12,  5, 32,  9, 14, 32, 16,  5, 20, 19,  3,  9,  9,124,251,226, 32, 32,
 99, 80,224,224,236,254,224,224,224,224,224,252, 32, 32, 32,  1, 18, 20, 46, 32, 32, 32, 32, 32, 32, 32, 32, 32, 32, 32, 32, 32, 32, 32, 32, 32, 32, 97, 32, 32,
 99,224,224,236,254,224,224,224,204,224,224,224,252, 32, 32, 32, 32, 32, 32, 32, 32, 32, 32, 32, 32, 32, 32, 32, 32, 32, 32, 32, 32, 98, 98, 98, 98,254, 73, 32,
254,224,236,254,224,224,224,224,204,251,224,224,215, 32, 32, 32,  5, 22,  5, 18, 25,  2, 15,  4, 25, 32,  3,  1, 14, 32, 32, 32, 32,202,203, 32, 96,202,203, 32,
224,236,224,224,224,224,224,255, 32, 32,251,205,236, 32, 32,  6,  9, 14,  4, 32, 19, 15, 13,  5, 20,  8,  9, 14,  7, 32, 32, 32, 32, 32, 32, 32, 32, 32, 32, 32,
 32, 32, 32, 32, 32, 32, 32, 32, 32, 32, 32, 32,  9, 14, 20,  5, 18,  5, 19, 20,  9, 14,  7, 32,  9, 14, 32, 16,  5, 20, 19,  3,  9,  9, 32,  6, 15, 18, 13, 19,
 32, 32, 32, 32, 32, 32, 32, 32, 32, 32, 32, 32, 32, 32, 32, 32, 32, 32, 32, 32, 32, 32, 32, 32, 32, 32, 32, 32, 32, 32, 32, 32, 32, 32, 32, 32, 32, 32, 32, 32

; color codes (1000 bytes)
  3,  3,  3,  3,  1,  1,  1,  8,  1,  1,  8, 15,  1,  1,  1, 15, 15, 15,  1, 15, 15, 15,  1, 15, 15, 15,  1,  1,  1,  3,  3,  3,  1,  1,  1,  1,  1,  1,  1,  1,
  3,  1,  3,  3,  3,  1,  1,  1,  1,  1,  1, 15,  1,  1,  1, 15, 15, 15,  1, 15, 15, 15,  1, 15, 15, 15,  1,  1,  3,  3,  3,  1,  1,  1,  1,  1,  1,  1,  1,  1,
  3, 14,  3,  3,  3,  3,  1,  1,  1,  1,  1, 15,  1,  1,  1, 15,  1,  1,  1, 15,  1, 15,  1, 15,  1, 15,  1,  1,  3,  3,  1,  1,  1,  1,  4,  4,  1,  1,  1,  1,
  3,  3,  3,  3,  1,  1,  3,  3,  1,  1,  1, 15, 15, 15,  1, 15, 15, 15,  1, 15, 15, 15,  1, 15, 15, 15,  1,  1,  3,  1,  1,  7,  7,  7,  7,  7,  7,  1,  1,  1,
  1,  1,  1,  1,  1,  1,  1,  3,  3,  1,  1,  1,  1,  1,  1,  1,  1,  1,  1,  1,  1,  1,  1,  1,  1,  1,  1,  3,  1,  1,  7,  7,  7,  7,  7,  7,  7,  7,  1,  1,
  1,  1, 14, 14, 14,  1, 14, 14,  3,  3, 14,  1, 14, 14, 14,  7,  7,  7,  7,  7,  7,  1,  1,  1,  1,  1,  3,  1, 14,  1,  7,  1, 10,  1,  7,  7,  7,  7,  7,  7,
  0, 14, 14, 14,  1,  1,  1,  1,  3,  1,  1,  1,  1,  1,  7,  7,  7,  7,  7,  7,  7,  7,  1,  1,  1,  1,  3,  1, 14,  7, 11, 10, 10, 10, 10,  7,  7,  7,  7,  7,
 14, 14, 14, 14, 14,  1,  1,  1,  3,  3,  3,  1,  1,  1,  7,  7,  7,  7,  7,  7,  7,  7,  1,  1,  1,  3,  3,  1,  6,  7,  1, 10, 10, 10, 10,  1,  7,  7,  7,  7,
 14, 14, 14, 14,  1,  1,  1,  1,  3,  3,  3,  1,  1,  1,  7,  7,  7,  7,  7,  7,  7,  7,  1,  1,  1,  3,  3,  1,  6,  1,  1,  4,  4,  4,  4,  4,  4,  1,  1,  7,
 14, 14, 14, 14, 14,  1,  1,  1,  3,  3,  3,  1,  1,  1,  7,  7,  7,  7,  7,  7,  7,  7,  1,  1,  1,  3,  3,  1,  6,  1, 14,  1,  1,  1,  1,  1,  1,  1,  1,  1,
 14, 14, 14, 14, 14,  1,  1,  1,  3,  3,  3,  1,  1,  1,  7,  7,  7,  7,  7,  7,  7,  7,  6,  1,  1,  3,  3,  1,  6,  1, 14,  1,  1,  1,  1,  1,  1,  1,  1,  1,
 14, 14, 14, 14, 14,  1,  1,  1,  3,  3,  3,  1,  1,  1,  7,  7,  7,  7,  7,  7,  7,  7,  1,  1,  1,  3,  3, 15, 15, 15, 15, 15, 15, 15, 15, 15, 15, 15, 15,  1,
 14, 14, 14, 14, 14,  1,  1, 14,  1,  1, 14,  1,  1, 14,  7,  7,  7,  7,  7,  7,  7,  7,  1,  1,  1,  1,  3,  1,  1,  1, 15, 15, 15, 15, 15,  1,  1,  1,  1,  1,
  1,  1,  1,  1,  1,  1,  1,  1,  1,  1,  1,  1,  1,  1,  7,  7,  7,  7,  7,  7,  7,  7,  1,  1,  1,  1,  3,  1,  1,  1,  6,  1,  1,  1,  1,  1, 15, 15, 15, 15,
  1,  1,  1,  1,  1,  1,  1,  1,  1,  1,  1,  1,  1, 11,  1,  1,  1,  1,  1,  1,  1,  1,  1,  1,  1,  1,  1,  1,  1, 15, 15,  1,  1,  3,  3, 15, 15, 15, 15, 15,
  1,  1,  1,  1,  1,  7,  7,  1,  1,  1,  1,  1,  1,  1,  1,  1,  1,  1,  1,  1,  1,  1,  1,  1,  1,  1,  1,  1,  1,  1,  1, 15, 15, 15, 15, 15, 15, 15, 15, 15,
  1,  1,  1,  1,  1,  7,  7,  1,  1,  1,  1,  1,  1,  1,  6, 14,  3,  3,  3,  3,  3,  3,  3,  3,  3,  3,  3,  3,  3,  3,  3,  3,  3,  3,  3,  3,  3,  3,  3,  1,
  1,  1,  1,  1,  7,  7,  7,  1,  1,  1,  1,  1,  1,  1,  1, 14, 14, 14, 14,  3, 14, 14, 14, 14, 14, 14, 14,  3,  3,  3,  3,  3,  3,  3,  3,  3,  3,  1,  1,  1,
  1,  7,  7,  7,  7,  7,  1,  1,  1,  1,  1,  1,  1,  1,  1,  3,  3,  3,  3,  3,  3,  3,  3,  3,  3,  3,  3,  3,  3,  3,  3,  3,  3,  3,  3, 13, 13, 13,  1,  1,
  7,  7,  7,  7,  7,  1,  1,  1,  1,  1,  1,  1,  1,  1,  1,  3,  3,  3,  3,  1,  1, 14, 14, 14, 14, 14, 14, 14,  1,  8,  8,  1,  1,  1,  1,  1,  1, 13,  1,  1,
  7,  7,  7,  7,  1,  1,  1,  1,  1,  1,  1,  1,  1,  1,  1,  1,  1,  1,  1,  1,  1, 14, 14, 14, 14,  1, 14, 14,  1,  8,  8,  1,  1, 13, 13, 13, 13, 13, 13,  1,
  7,  7,  7,  1,  1,  1,  1,  1,  1,  1,  1,  1,  1,  1,  1,  1, 10, 10, 10, 10, 10, 10, 10, 10, 10, 10, 10, 10, 10, 14, 14, 14,  1, 13, 13,  3,  0, 13, 13,  1,
  7,  7,  1,  1,  1,  1,  1,  1,  1,  1,  1,  1,  1,  1,  1, 10, 10, 10, 10, 10, 10, 10, 10, 10, 10, 10, 10, 10, 10, 10, 14,  8,  1,  1,  1,  1,  1,  1,  1,  1,
  1,  1,  1,  1,  1,  1,  1,  6,  1,  1,  1,  1, 10, 10, 10, 10, 10, 10, 10, 10, 10, 10, 10, 10, 10, 10, 10, 10, 10, 10, 10, 10, 10, 10, 10, 10, 10, 10, 10, 10,
 10,  1,  1,  1,  1,  1,  1,  1,  1,  1,  1,  1,  1,  1,  1,  2,  1,  1, 14, 14, 14, 14,  8,  8,  1,  1,  8,  8, 14,  8,  8,  6,  6,  1,  1,  1,  3,  3,  3,  3
