; character codes (1000 bytes)
224,224,224,224,224,170,224,174,224,224,224,170,224,224,224,174,224,224, 32,116,116,224,170,224, 32, 95, 76, 32,122,105, 32,224, 32, 95,224,224,224,224,224,170,
224,224,224,174,224,224,224,224,224,224,224,224,174,224,224,224,224,224, 32,116,116,224, 32,224, 32,116,224, 32,224, 32,119,224, 39,233,224,224,224,224,224,224,
224,224,224,224,224,224,224,170,224,224,224,224,224,224,224,224,224,224,223, 32, 32,224, 32,224, 32,116,224, 32,224,223,119,224,106, 95,224,224,224,170,224,224,
224,224,224,224,224,224,224,224,224,224,224,224,170,224,224,224,224,224,224,224,224,224,224,224,224,224,224,224,224,224,224,224,224,224,224,224,224,224,224,224,
224,170,224,224,224,224,224,224,224,224,174,224,224,224,224,224,170,224,224,224,224,224,224,224,224,224,224,224,224,224,224,224,224,224,224,224,224,224,224,174,
224,224,105, 95,224,224,224,224,224,224,224,224,224,224,224,224,224,224,224,224,224,174,224,224,224,170,224,224,224,174,224,224,224,170,224,224,224,224,224,224,
224,105, 32, 32, 95,224,224,105, 95,224,224,224,224,224,224,174,224,224,224,224,170,224,224,224,224,224,224,224,224,224,224,224,224,224,224,224,174,224,224,224,
105, 32, 32, 32, 32, 95,105, 32, 32, 95,224,224,224,170,224,224,224,224,224,224,224,224,224,224,224,224,224,174,224,224,224,224,224,224,224,224,224,224,224,224,
 92, 32, 32, 32, 32, 78, 32, 32, 32, 32, 95,224,224,224,224,224,224,224,224,224,224,224,224,224,224,224,224,224,224,224,224,224,224,224,224,224,224,224,224,170,
 32, 32, 32, 32, 32, 32,233,223, 32, 32, 32, 95,224,105, 95,224,224,224,224,224,174,224,224,170,224,224,224,170,224,224,224,224,170,224,224,224,170,224,224,224,
 32, 32, 32, 32, 32,233,224,224,223, 32, 32, 32, 77, 32, 96, 95,224,170,224,224,224,224,224,224,224,224,224,224,224,224,174,224,224,224,224,224,224,224,224,224,
 65, 32, 32, 65, 32,233,224,224,223, 32, 32, 65, 32, 77, 32, 96, 95,224,224,224,224,224,224,224,224,224,224,224,224,224,224,224,224,224,224,224,224,224,224,224,
 32, 32, 32, 32,233,224,224,224,224,223, 32, 32, 32, 32, 65, 32, 32, 32, 32, 32, 99, 99, 99,119, 94,120,120,119,119, 99, 99, 99, 94, 32,119,119,120,120,120,120,
 32, 65, 32, 32, 32,233,224,224,223, 32, 32, 32, 32, 32, 32, 32, 32, 32, 94, 32, 32, 32, 32, 46, 32, 32, 32, 94, 32, 46, 32, 32, 32, 32, 32, 32, 32, 32, 81, 47,
 32, 32, 32, 32,233,224,224,224,224,223, 32, 32, 32, 32, 32, 32, 32, 32, 32, 32, 32, 32, 32, 32, 32, 32, 32, 32, 32, 32, 32, 32, 32, 32, 32, 94, 32, 32, 81, 32,
 32, 32, 32,233,224,224,224,224,224,224,223, 32, 32, 32, 32, 32, 32, 32, 32, 32, 32, 32, 32,100,111,121, 98,248,247,227,224,224,224,248,121, 32, 32, 32, 46, 32,
 32, 32, 32, 32, 32, 32,224,224, 32, 32, 32, 32, 32, 46, 32, 32, 32, 32,104,233,224,224,224,224,224,224,224,224,174,224,173,224,224,224,224,224,102, 32, 32, 32,
 32, 32, 32, 32, 32, 32, 32, 32, 32, 32, 32, 32, 32, 32, 32, 32, 32,102,224,224,224,224,173,224,174,224,224,224,224,224,224,224,224,224,224,224,224,223, 32, 32,
 32, 32, 32, 46, 32, 32, 32, 32, 32, 32, 32, 46, 32, 32, 32, 32,233,224,224,174,224,224,224,224,224,174,224,224,224,224,224,224,174,224,224,224,224,224, 32, 32,
 32, 32, 32, 32, 32, 32, 32, 32, 32, 32, 32, 32, 32,104,233,224,224,224,224,224,224,224,224,195,224,224,224,224,224,224,174,224,224,224,224,224,224,105, 32, 47,
 32, 32, 32, 32, 32, 32, 46, 32, 32, 32, 32, 32, 82,224,224,174,224,224,173,224,174,224,224,224,224,224,224,224,224,224,224,224,224,224,224,102, 32, 78, 78, 32,
 32, 32, 32, 32, 32, 32, 32, 32, 32, 32, 32, 32,224,224,224,224,224,224,224,224,224,224,224,224,224,174,224,224,224,224,224,224,224,224,224, 70, 26, 47, 32, 78,
 32, 32, 32, 32, 32, 32, 32, 32, 32, 32, 32, 32,102,224,224,224,224,224,224,174,224,224,224,224,224,224,224,224,224,224,224,224,224,105, 32, 32, 78, 32, 78, 32,
 32, 32, 32, 46, 32, 32, 32, 32, 46, 32, 32, 32, 32, 99,119,120,226,249,239,228,239,249,226,226,120,119, 99, 32, 32, 99,119, 99, 32, 32, 47, 78, 78, 32, 26, 78,
 32, 32, 32, 32, 32, 32, 32, 32, 46, 32, 32, 32, 32, 46, 32, 32, 32, 32, 32, 32, 32, 32, 32, 32, 32, 46, 32, 32, 32, 32, 32, 32, 47, 78, 32, 32, 78, 47, 32, 47

; color codes (1000 bytes)
  6,  6,  6,  6,  6,  6,  6,  6,  6,  6,  6,  6,  6,  6,  6,  6,  6,  6,  6,  6,  6,  6,  6,  6,  6,  6,  6,  6,  6,  6,  6,  6,  6,  6,  6,  6,  6,  6,  6,  6,
  6,  6,  6,  6,  6,  6,  6,  6,  6,  6,  6,  6,  6,  6,  6,  6,  6,  6,  6,  6,  6,  6,  6,  6,  6,  6,  6,  6,  6,  6,  6,  6,  6,  6,  6,  6,  6,  6,  6,  6,
  6,  6,  6,  6,  6,  6,  6,  6,  6,  6,  6,  6,  6,  6,  6,  6,  6,  6,  6,  6,  6,  6,  6,  6,  6,  6,  6,  6,  6,  6,  6,  6,  6,  6,  6,  6,  6,  6,  6,  6,
  6,  6,  6,  6,  6,  6,  6,  6,  6,  6,  6,  6,  6,  6,  6,  6,  6,  6,  6,  6,  6,  6,  6,  6,  6,  6,  6,  6,  6,  6,  6,  6,  6,  6,  6,  6,  6,  6,  6,  6,
  6,  6,  6,  6,  6,  6,  6,  6,  6,  6,  6,  6,  6,  6,  6,  6,  6,  6,  6,  6,  6,  6,  6,  6,  6,  6,  6,  6,  6,  6,  6,  6,  6,  6,  6,  6,  6,  6,  6,  6,
  6,  6,  6,  6,  6,  6,  6,  6,  6,  6,  6,  6,  6,  6,  6,  6,  6,  6,  6,  6,  6,  6,  6,  6,  6,  6,  6,  6,  6,  6,  6,  6,  6,  6,  6,  6,  6,  6,  6,  6,
  6,  6,  6,  6,  6,  6,  6,  6,  6,  6,  6,  6,  6,  6,  6,  6,  6,  6,  6,  6,  6,  6,  6,  6,  6,  6,  6,  6,  6,  6,  6,  6,  6,  6,  6,  6,  6,  6,  6,  6,
  6,  6,  6,  6,  6,  6,  6,  6,  6,  6,  6,  6,  6,  6,  6,  6,  6,  6,  6,  6,  6,  6,  6,  6,  6,  6,  6,  6,  6,  6,  6,  6,  6,  6,  6,  6,  6,  6,  6,  6,
  6,  6,  6,  6,  6,  6,  6,  6,  6,  6,  6,  6,  6,  6,  6,  6,  6,  6,  6,  6,  6,  6,  6,  6,  6,  6,  6,  6,  6,  6,  6,  6,  6,  6,  6,  6,  6,  6,  6,  6,
  6,  6,  6,  6,  6,  6,  5,  5,  6,  6,  6,  6,  6,  6,  6,  6,  6,  6,  6,  6,  6,  6,  6,  6,  6,  6,  6,  6,  6,  6,  6,  6,  6,  6,  6,  6,  6,  6,  6,  6,
  6,  6,  6,  6,  6,  5,  5,  5,  5,  6,  6,  6,  6,  6,  6,  6,  6,  6,  6,  6,  6,  6,  6,  6,  6,  6,  6,  6,  6,  6,  6,  6,  6,  6,  6,  6,  6,  6,  6,  6,
  5,  6,  6,  5,  6,  5,  5,  5,  5,  6,  6,  5,  6,  6,  6,  6,  6,  6,  6,  6,  6,  6,  6,  6,  6,  6,  6,  6,  6,  6,  6,  6,  6,  6,  6,  6,  6,  6,  6,  6,
  6,  6,  6,  5,  5,  5,  5,  5,  5,  5,  6,  6,  6,  6,  5, 12, 12, 12, 12, 12,  6,  6,  6,  6,  9,  6,  6,  6,  6,  6,  6,  6,  9, 12,  6,  6,  6,  6,  6,  6,
  6,  5,  6,  6,  6,  5,  5,  5,  5,  6,  6,  6,  6,  6,  6,  6,  6,  6,  9,  6,  6,  6,  6,  6,  6,  6,  6,  9,  6,  6,  6,  6,  6,  6,  6,  6,  6,  6,  6,  6,
  6,  6,  6,  6,  5,  5,  5,  5,  5,  5,  6,  6,  6,  6,  6,  6,  6,  6,  6,  6,  6,  6,  6,  6,  6,  6,  6,  6,  6,  6,  6,  6,  6,  6,  6,  9,  6,  6,  6,  6,
  6,  6,  6,  5,  5,  5,  5,  5,  5,  5,  5,  6,  6,  6,  6,  6,  6,  6,  6,  6,  6,  6,  6,  6,  6,  6,  6,  6,  6,  6,  6,  6,  6,  6,  6,  6,  6,  6,  6,  6,
  6,  6,  6,  6,  6,  6,  8,  8,  6,  6,  6,  6,  6,  6,  6,  6,  6,  6,  6,  6,  6,  6,  6,  6,  6,  6,  6,  6,  6,  6,  6,  6,  6,  6,  6,  6,  6,  6,  6,  6,
  6,  6,  2,  6,  6,  6,  6,  6,  6,  6,  6,  6,  6,  6,  6,  6,  6,  6,  6,  6,  6,  6,  6,  6,  6,  6,  6,  6,  6,  6,  6,  6,  6,  6,  6,  6,  6,  6,  6,  6,
  6,  6,  6,  6,  6,  6,  6,  6,  6,  6,  6,  6,  6,  6,  6,  6,  6,  6,  6,  6,  6,  6,  6,  6,  6,  6,  6,  6,  6,  6,  6,  6,  6,  6,  6,  6,  6,  6,  6,  6,
  6,  6,  6,  6,  6,  6,  6,  6,  6,  6,  6,  6,  6,  6,  6,  6,  6,  6,  6,  6,  6,  6,  6,  6,  6,  6,  6,  6,  6,  6,  6,  6,  6,  6,  6,  6,  6,  6,  6,  6,
  6,  6,  6,  6,  6,  6,  6,  6,  6,  6,  6,  6,  6,  6,  6,  6,  6,  6,  6,  6,  6,  6,  6,  6,  6,  6,  6,  6,  6,  6,  6,  6,  6,  6,  6,  6,  6,  6,  6,  6,
  6,  6,  6,  6,  6,  6,  6,  6,  6,  6,  6,  6,  6,  6,  6,  6,  6,  6,  6,  6,  6,  6,  6,  6,  6,  6,  6,  6,  6,  6,  6,  6,  6,  6,  6,  6,  6,  6,  6,  6,
  6,  6,  6,  6,  6,  6,  6,  6,  6,  6,  6,  6,  6,  6,  6,  6,  6,  6,  6,  6,  6,  6,  6,  6,  6,  6,  6,  6,  6,  6,  6,  6,  6,  6,  6,  6,  6,  6,  6,  6,
  6,  6,  2,  6,  6,  6,  6,  6,  6,  6,  6,  6,  6,  6,  6,  6,  6,  6,  6,  6,  6,  6,  6,  6,  6,  6,  6,  6,  6,  6,  6,  6,  6,  6,  6,  6,  6,  6,  6,  6,
  5,  5,  6,  6,  6,  6,  6,  6,  6,  6,  6,  6,  6,  6,  6,  6,  6,  6,  6,  6,  6,  6,  6,  6,  6,  6,  6,  6,  6,  6,  6,  6,  6,  6,  5,  5,  6,  6,  6,  6
